0 10 3 74
2 10 3 58
4 10 3 42
6 10 3 26
8 10 3 10
10 10 3 89
12 10 3 73
14 10 3 57
16 10 3 41
18 10 3 25
20 10 3 9
22 10 3 88
24 10 3 72
26 10 3 56
28 0 2 13
28 2 2 29
28 4 2 45
28 6 2 61
28 8 2 77
28 10 2 93
28 12 2 109
28 14 2 125
28 16 2 141
28 18 2 157
28 20 2 173
29 1 2 12
29 3 2 28
29 5 2 44
29 7 2 60
29 9 2 76
29 11 2 92
29 13 2 108
29 15 2 124
29 17 2 140
29 19 2 156
30 0 2 11
30 2 2 27
30 4 2 43
30 6 2 59
30 8 2 75
30 10 2 91
30 12 2 107
30 14 2 123
30 16 2 139
30 18 2 155
30 20 2 171
31 1 2 10
31 3 2 26
31 5 2 42
31 7 2 58
31 9 2 74
31 11 2 90
31 13 2 106
31 15 2 122
31 17 2 138
31 19 2 154
32 2 2 9
32 4 2 25
32 6 2 41
32 8 2 57
32 10 2 73
32 12 2 89
32 14 2 105
32 16 2 121
32 18 2 137
33 3 2 8
33 5 2 24
33 7 2 40
33 9 2 56
33 11 2 72
33 13 2 88
33 15 2 104
33 17 2 120
34 4 3 7
34 6 3 23
34 8 3 39
34 10 3 55
34 12 3 71
34 14 3 87
34 16 3 103
35 5 3 6
35 7 3 22
35 9 3 38
35 11 3 54
35 13 3 70
35 15 3 86
36 6 3 5
36 8 3 21
36 10 3 37
36 12 3 53
36 14 3 69
37 7 3 4
37 9 3 20
37 11 3 36
37 13 3 52
38 8 3 8
38 10 3 24
38 12 3 40
39 7 3 3
39 9 3 19
39 11 3 35
39 13 3 51
40 6 3 2
40 8 3 18
40 10 3 34
40 12 3 50
40 14 3 66
41 5 3 1
41 7 3 17
41 9 3 33
41 11 3 49
41 13 3 65
41 15 3 81
42 4 3 0
42 6 3 16
42 8 3 32
42 10 3 48
42 12 3 64
42 14 3 80
42 16 3 96
43 3 2 7
43 5 2 23
43 7 2 39
43 9 2 55
43 11 2 71
43 13 2 87
43 15 2 103
43 17 2 119
44 2 2 6
44 4 2 22
44 6 2 38
44 8 2 54
44 10 2 70
44 12 2 86
44 14 2 102
44 16 2 118
44 18 2 134
45 1 2 5
45 3 2 21
45 5 2 37
45 7 2 53
45 9 2 69
45 11 2 85
45 13 2 101
45 15 2 117
45 17 2 133
45 19 2 149
46 0 2 4
46 2 2 20
46 4 2 36
46 6 2 52
46 8 2 68
46 10 2 84
46 12 2 100
46 14 2 116
46 16 2 132
46 18 2 148
46 20 2 164
47 1 2 3
47 3 2 19
47 5 2 35
47 7 2 51
47 9 2 67
47 11 2 83
47 13 2 99
47 15 2 115
47 17 2 131
47 19 2 147
48 0 2 2
48 2 2 18
48 4 2 34
48 6 2 50
48 8 2 66
48 10 2 82
48 12 2 98
48 14 2 114
48 16 2 130
48 18 2 146
48 20 2 162
49 1 2 1
49 3 2 17
49 5 2 33
49 7 2 49
49 9 2 65
49 11 2 81
49 13 2 97
49 15 2 113
49 17 2 129
49 19 2 145
50 0 2 0
50 2 2 16
50 4 2 32
50 6 2 48
50 8 2 64
50 10 2 80
50 12 2 96
50 14 2 112
50 16 2 128
50 18 2 144
50 20 2 160
51 1 1 15
51 3 1 31
51 5 1 47
51 7 1 63
51 9 1 79
51 11 1 95
51 13 1 111
51 15 1 127
51 17 1 143
51 19 1 159
52 0 1 14
52 2 1 30
52 4 1 46
52 6 1 62
52 8 1 78
52 10 1 94
52 12 1 110
52 14 1 126
52 16 1 142
52 18 1 158
52 20 1 174
53 1 1 13
53 3 1 29
53 5 1 45
53 7 1 61
53 9 1 77
53 11 1 93
53 13 1 109
53 15 1 125
53 17 1 141
53 19 1 157
54 0 1 12
54 2 1 28
54 4 1 44
54 6 1 60
54 8 1 76
54 10 1 92
54 12 1 108
54 14 1 124
54 16 1 140
54 18 1 156
54 20 1 172
55 1 1 11
55 3 1 27
55 5 1 43
55 7 1 59
55 9 1 75
55 11 1 91
55 13 1 107
55 15 1 123
55 17 1 139
55 19 1 155
56 0 1 10
56 2 1 26
56 4 1 42
56 6 1 58
56 8 1 74
56 10 1 90
56 12 1 106
56 14 1 122
56 16 1 138
56 18 1 154
56 20 1 170
57 1 1 9
57 3 1 25
57 5 1 41
57 7 1 57
57 9 1 73
57 11 1 89
57 13 1 105
57 15 1 121
57 17 1 137
57 19 1 153
58 0 1 8
58 2 1 24
58 4 1 40
58 6 1 56
58 8 1 72
58 10 1 88
58 12 1 104
58 14 1 120
58 16 1 136
58 18 1 152
58 20 1 168
59 1 1 7
59 3 1 23
59 5 1 39
59 7 1 55
59 9 1 71
59 11 1 87
59 13 1 103
59 15 1 119
59 17 1 135
59 19 1 151
60 0 1 6
60 2 1 22
60 4 1 38
60 6 1 54
60 8 1 70
60 10 1 86
60 12 1 102
60 14 1 118
60 16 1 134
60 18 1 150
60 20 1 166
61 1 1 5
61 3 1 21
61 5 1 37
61 7 1 53
61 9 1 69
61 11 1 85
61 13 1 101
61 15 1 117
61 17 1 133
61 19 1 149
62 0 1 4
62 2 1 20
62 4 1 36
62 6 1 52
62 8 1 68
62 10 1 84
62 12 1 100
62 14 1 116
62 16 1 132
62 18 1 148
62 20 1 164
63 1 1 3
63 3 1 19
63 5 1 35
63 7 1 51
63 9 1 67
63 11 1 83
63 13 1 99
63 15 1 115
63 17 1 131
63 19 1 147
64 0 1 2
64 2 1 18
64 4 1 34
64 6 1 50
64 8 1 66
64 10 1 82
64 12 1 98
64 14 1 114
64 16 1 130
64 18 1 146
64 20 1 162
65 1 1 1
65 3 1 17
65 5 1 33
65 7 1 49
65 9 1 65
65 11 1 81
65 13 1 97
65 15 1 113
65 17 1 129
65 19 1 145
66 0 1 0
66 2 1 16
66 4 1 32
66 6 1 48
66 8 1 64
66 10 1 80
66 12 1 96
66 14 1 112
66 16 1 128
66 18 1 144
66 20 1 160
